normalize_sec: 2337.236007
core_sec: 21.365412
label_propagation_sec: 40610.598901
