normalize_sec: 1067.365160
core_sec: 9.280652
label_propagation_sec: 10836.543113
