normalize_sec: 1067.396371
core_sec: 9.290260
label_propagation_sec: 4202.616006
