normalize_sec: 1671.348749
core_sec: 21.289891
label_propagation_sec: 11794.139716
