normalize_sec: 1670.049600
core_sec: 21.310644
label_propagation_sec: 2192.453541
