normalize_sec: 1067.208688
core_sec: 9.333698
label_propagation_sec: 11905.278604
