normalize_sec: 1084.060210
core_sec: 9.530278
label_propagation_sec: 53729.198147
