normalize_sec: 1066.423740
core_sec: 9.263179
label_propagation_sec: 10878.437172
