normalize_sec: 1067.605145
core_sec: 9.296685
label_propagation_sec: 10876.277238
