normalize_sec: 4374.331962
core_sec: 21.285989
label_propagation_sec: 19934.943712
