normalize_sec: 1085.500539
core_sec: 9.539145
label_propagation_sec: 53725.073408
